[{"drawNbr":2095015,"drawDate":"Jan 19, 2017","drawTime":"02:18:30 AM","drawNbrs":[7,8,16,17,18,22,26,31,37,42,46,50,51,53,62,65,72,74,75,77],"drawBonus":2.0},
{"drawNbr":2095014,"drawDate":"Jan 19, 2017","drawTime":"02:15:00 AM","drawNbrs":[4,6,9,14,18,19,22,32,38,41,45,54,58,59,62,63,64,71,76,79],"drawBonus":2.0},
{"drawNbr":2095013,"drawDate":"Jan 19, 2017","drawTime":"02:11:30 AM","drawNbrs":[4,8,13,17,18,30,31,37,38,40,42,45,51,52,54,55,62,68,79,80],"drawBonus":2.0},
{"drawNbr":2095012,"drawDate":"Jan 19, 2017","drawTime":"02:08:00 AM","drawNbrs":[1,5,7,8,9,17,22,33,34,38,41,49,51,58,60,67,68,70,76,78],"drawBonus":1.5},
{"drawNbr":2095011,"drawDate":"Jan 19, 2017","drawTime":"02:04:30 AM","drawNbrs":[1,6,11,14,16,21,22,24,25,31,37,38,39,42,52,57,58,63,74,77],"drawBonus":2.0},
{"drawNbr":2095010,"drawDate":"Jan 19, 2017","drawTime":"02:01:00 AM","drawNbrs":[7,8,9,11,23,29,31,37,40,45,47,50,51,55,57,64,70,71,75,79],"drawBonus":1.5},
{"drawNbr":2095009,"drawDate":"Jan 19, 2017","drawTime":"01:57:30 AM","drawNbrs":[4,5,8,13,14,16,18,26,29,34,36,41,45,48,51,53,64,68,73,76],"drawBonus":1.5},
{"drawNbr":2095008,"drawDate":"Jan 19, 2017","drawTime":"01:54:00 AM","drawNbrs":[2,6,7,9,12,22,27,32,36,45,49,50,53,55,56,59,65,72,73,74],"drawBonus":2.0},
{"drawNbr":2095007,"drawDate":"Jan 19, 2017","drawTime":"01:50:30 AM","drawNbrs":[5,7,8,16,22,24,28,36,37,40,47,51,52,59,60,61,62,64,69,72],"drawBonus":2.0},
{"drawNbr":2095006,"drawDate":"Jan 19, 2017","drawTime":"01:47:00 AM","drawNbrs":[5,15,22,24,25,30,32,33,36,40,41,42,43,44,48,50,55,64,76,78],"drawBonus":1.5},
{"drawNbr":2095005,"drawDate":"Jan 19, 2017","drawTime":"01:43:30 AM","drawNbrs":[7,12,28,33,35,37,41,45,50,51,52,53,56,57,59,60,61,68,69,80],"drawBonus":2.0},
{"drawNbr":2095004,"drawDate":"Jan 19, 2017","drawTime":"01:40:00 AM","drawNbrs":[5,9,13,18,20,21,24,35,42,43,48,50,55,56,59,65,69,72,78,79],"drawBonus":1.5},
{"drawNbr":2095003,"drawDate":"Jan 19, 2017","drawTime":"01:36:30 AM","drawNbrs":[2,5,6,10,15,23,32,36,38,43,44,45,50,51,55,56,66,67,79,80],"drawBonus":1.5},
{"drawNbr":2095002,"drawDate":"Jan 19, 2017","drawTime":"01:33:00 AM","drawNbrs":[1,2,3,9,10,15,16,21,28,38,40,48,54,59,63,64,72,75,76,77],"drawBonus":1.5},
{"drawNbr":2095001,"drawDate":"Jan 19, 2017","drawTime":"01:29:30 AM","drawNbrs":[5,6,16,18,19,20,24,27,29,33,53,56,57,60,63,64,70,71,76,78],"drawBonus":1.5},
{"drawNbr":2095000,"drawDate":"Jan 19, 2017","drawTime":"01:26:00 AM","drawNbrs":[7,9,11,14,20,21,22,24,26,31,34,36,63,64,65,70,71,74,78,80],"drawBonus":1.5},
{"drawNbr":2094999,"drawDate":"Jan 19, 2017","drawTime":"01:22:30 AM","drawNbrs":[5,8,12,16,18,20,27,28,29,34,37,42,47,56,59,60,61,62,74,76],"drawBonus":2.0},
{"drawNbr":2094998,"drawDate":"Jan 19, 2017","drawTime":"01:19:00 AM","drawNbrs":[4,6,11,19,20,27,37,39,42,51,54,57,58,59,64,66,73,74,76,80],"drawBonus":1.5},
{"drawNbr":2094997,"drawDate":"Jan 19, 2017","drawTime":"01:15:30 AM","drawNbrs":[9,13,14,17,20,21,33,36,37,39,42,43,44,45,50,55,70,73,75,78],"drawBonus":2.0},
{"drawNbr":2094996,"drawDate":"Jan 19, 2017","drawTime":"01:12:00 AM","drawNbrs":[4,5,11,13,25,26,28,34,36,41,42,43,44,51,52,58,62,65,70,73],"drawBonus":1.5},
{"drawNbr":2094995,"drawDate":"Jan 19, 2017","drawTime":"01:08:30 AM","drawNbrs":[4,5,13,15,16,18,27,33,37,40,48,49,52,53,60,61,71,72,77,79],"drawBonus":2.0},
{"drawNbr":2094994,"drawDate":"Jan 19, 2017","drawTime":"01:05:00 AM","drawNbrs":[1,2,4,5,11,15,25,28,31,38,41,45,55,58,59,61,62,64,66,78],"drawBonus":1.5},
{"drawNbr":2094993,"drawDate":"Jan 19, 2017","drawTime":"01:01:30 AM","drawNbrs":[1,2,3,9,11,15,16,21,25,26,27,41,44,46,52,53,58,61,67,73],"drawBonus":2.0},
{"drawNbr":2094992,"drawDate":"Jan 19, 2017","drawTime":"12:58:00 AM","drawNbrs":[8,14,26,29,31,34,39,41,43,45,50,57,58,60,68,69,71,74,78,80],"drawBonus":2.0},
{"drawNbr":2094991,"drawDate":"Jan 19, 2017","drawTime":"12:54:30 AM","drawNbrs":[3,8,20,24,26,29,35,40,41,43,46,50,57,59,64,65,66,67,73,76],"drawBonus":1.5},
{"drawNbr":2094990,"drawDate":"Jan 19, 2017","drawTime":"12:51:00 AM","drawNbrs":[3,4,15,27,28,29,32,33,34,38,40,44,45,53,54,55,62,66,73,76],"drawBonus":2.0},
{"drawNbr":2094989,"drawDate":"Jan 19, 2017","drawTime":"12:47:30 AM","drawNbrs":[2,3,6,8,12,13,18,19,20,23,29,42,53,58,67,68,74,75,77,79],"drawBonus":2.0},
{"drawNbr":2094988,"drawDate":"Jan 19, 2017","drawTime":"12:44:00 AM","drawNbrs":[1,11,12,15,16,25,38,41,43,44,49,55,58,61,63,65,67,71,72,77],"drawBonus":5.0},
{"drawNbr":2094987,"drawDate":"Jan 19, 2017","drawTime":"12:40:30 AM","drawNbrs":[1,14,18,20,21,22,23,32,33,35,41,43,46,55,56,58,59,62,65,77],"drawBonus":1.5},
{"drawNbr":2094986,"drawDate":"Jan 19, 2017","drawTime":"12:37:00 AM","drawNbrs":[1,5,6,11,17,24,27,38,46,47,48,49,52,55,56,67,68,69,73,76],"drawBonus":1.5},
{"drawNbr":2094985,"drawDate":"Jan 19, 2017","drawTime":"12:33:30 AM","drawNbrs":[15,17,18,20,22,25,28,29,31,32,37,45,47,55,61,63,64,65,72,75],"drawBonus":2.0},
{"drawNbr":2094984,"drawDate":"Jan 19, 2017","drawTime":"12:30:00 AM","drawNbrs":[5,9,10,11,14,15,18,23,34,41,46,49,61,62,68,69,72,75,78,80],"drawBonus":2.0},
{"drawNbr":2094983,"drawDate":"Jan 19, 2017","drawTime":"12:26:30 AM","drawNbrs":[1,7,12,15,17,27,33,39,47,49,55,57,62,66,68,71,73,74,75,78],"drawBonus":2.0},
{"drawNbr":2094982,"drawDate":"Jan 19, 2017","drawTime":"12:23:00 AM","drawNbrs":[2,6,7,12,13,19,30,35,36,37,39,40,48,50,52,53,58,69,71,76],"drawBonus":2.0},
{"drawNbr":2094981,"drawDate":"Jan 19, 2017","drawTime":"12:19:30 AM","drawNbrs":[8,19,20,22,23,25,26,27,34,35,37,42,46,47,52,54,56,59,62,80],"drawBonus":2.0},
{"drawNbr":2094980,"drawDate":"Jan 19, 2017","drawTime":"12:16:00 AM","drawNbrs":[4,14,19,25,27,32,36,38,39,40,43,44,45,50,53,59,60,72,74,79],"drawBonus":1.5},
{"drawNbr":2094979,"drawDate":"Jan 19, 2017","drawTime":"12:12:30 AM","drawNbrs":[2,7,10,11,20,21,23,24,26,32,33,37,38,55,56,58,62,63,66,67],"drawBonus":7.0},
{"drawNbr":2094978,"drawDate":"Jan 19, 2017","drawTime":"12:09:00 AM","drawNbrs":[2,7,12,24,26,35,37,45,46,50,52,55,56,57,59,61,63,64,65,76],"drawBonus":1.5},
{"drawNbr":2094977,"drawDate":"Jan 19, 2017","drawTime":"12:05:30 AM","drawNbrs":[3,9,16,22,30,33,36,42,43,45,46,53,57,58,59,68,73,76,78,80],"drawBonus":1.5},
{"drawNbr":2094976,"drawDate":"Jan 19, 2017","drawTime":"12:02:00 AM","drawNbrs":[2,8,9,11,12,17,27,30,32,38,44,45,48,52,57,58,59,74,75,79],"drawBonus":2.0}]